6.346651825433926888e+02
1.015464292069428211e+03
7.192872068825116685e+02
6.346651825433926888e+02
6.346651825433926888e+02
6.346651825433926888e+02
2.551354033824438375e+04
4.214176812088127190e+04
6.283185307179587835e+04
6.283185307179587835e+04
6.283185307179587835e+04
6.283185307179587835e+04
6.283185307179587835e+04
6.283185307179587835e+04
6.283185307179587835e+04
6.283185307179587835e+04
6.283185307179587835e+04
6.283185307179587835e+04
6.283185307179587835e+04
6.283185307179587835e+04
6.283185307179587835e+04
6.283185307179587835e+04
6.283185307179587835e+04
6.283185307179587835e+04
6.283185307179587835e+04
7.192872068825116685e+02
6.346651825433926888e+02
7.192872068825116685e+02
6.346651825433926888e+02
6.346651825433926888e+02
7.192872068825116685e+02
7.192872068825116685e+02
1.396263401595463392e+03
6.283185307179587835e+04
5.491969379608824238e+04
6.283185307179587835e+04
6.283185307179587835e+04
6.283185307179587835e+04
6.283185307179587835e+04
6.283185307179587835e+04
6.283185307179587835e+04
6.283185307179587835e+04
6.283185307179587835e+04
6.283185307179587835e+04
6.283185307179587835e+04
6.283185307179587835e+04
6.283185307179587835e+04
6.283185307179587835e+04
6.283185307179587835e+04
6.283185307179587835e+04
6.346651825433926888e+02
6.346651825433926888e+02
6.346651825433926888e+02
6.346651825433926888e+02
6.346651825433926888e+02
7.192872068825116685e+02
9.308422677303092314e+02
1.015464292069428325e+03
4.501891694841131539e+04
2.225559240118829985e+04
6.283185307179587835e+04
6.283185307179587835e+04
6.283185307179587835e+04
6.283185307179587835e+04
6.283185307179587835e+04
6.283185307179587835e+04
6.283185307179587835e+04
6.283185307179587835e+04
6.283185307179587835e+04
6.283185307179587835e+04
6.283185307179587835e+04
6.283185307179587835e+04
6.283185307179587835e+04
6.283185307179587835e+04
6.283185307179587835e+04
6.346651825433926888e+02
6.346651825433926888e+02
6.346651825433926888e+02
6.346651825433926888e+02
6.346651825433926888e+02
8.039092312216307619e+02
6.346651825433926888e+02
1.142397328578106681e+03
1.269330365086785150e+03
2.073239596308415457e+03
6.270492003528719215e+04
6.283185307179587835e+04
6.283185307179587835e+04
6.283185307179587835e+04
6.283185307179587835e+04
6.283185307179587835e+04
6.283185307179587835e+04
6.283185307179587835e+04
6.283185307179587835e+04
6.283185307179587835e+04
6.283185307179587835e+04
6.283185307179587835e+04
6.283185307179587835e+04
6.283185307179587835e+04
6.283185307179587835e+04
6.346651825433926888e+02
7.192872068825116685e+02
6.346651825433926888e+02
6.346651825433926888e+02
6.346651825433926888e+02
6.346651825433926888e+02
6.346651825433926888e+02
1.015464292069428211e+03
1.057775304238987701e+03
1.565507450273701352e+03
2.834837815360487366e+04
6.283185307179587835e+04
6.283185307179587835e+04
6.283185307179587835e+04
6.283185307179587835e+04
6.283185307179587835e+04
6.283185307179587835e+04
6.283185307179587835e+04
6.283185307179587835e+04
6.283185307179587835e+04
6.283185307179587835e+04
6.283185307179587835e+04
6.283185307179587835e+04
6.283185307179587835e+04
6.283185307179587835e+04
6.346651825433926888e+02
6.346651825433926888e+02
8.039092312216306482e+02
6.346651825433926888e+02
8.039092312216307619e+02
6.346651825433926888e+02
7.192872068825116685e+02
1.184708340747666398e+03
1.988617571969296250e+03
1.438574413765022882e+03
4.400345265634187854e+03
6.283185307179587835e+04
6.008163728077450651e+04
6.283185307179587835e+04
6.283185307179587835e+04
6.283185307179587835e+04
6.283185307179587835e+04
6.283185307179587835e+04
6.283185307179587835e+04
6.283185307179587835e+04
6.283185307179587835e+04
6.283185307179587835e+04
6.283185307179587835e+04
6.283185307179587835e+04
6.283185307179587835e+04
6.346651825433926888e+02
6.346651825433926888e+02
6.346651825433926888e+02
6.346651825433926888e+02
8.039092312216306482e+02
7.192872068825116685e+02
6.346651825433926888e+02
1.861684535460617781e+03
1.903995547630177043e+03
1.819373523291058291e+03
3.511814010073438567e+03
6.283185307179587835e+04
4.768451071509357280e+04
6.283185307179587835e+04
6.283185307179587835e+04
6.283185307179587835e+04
6.283185307179587835e+04
6.283185307179587835e+04
6.283185307179587835e+04
6.283185307179587835e+04
6.283185307179587835e+04
6.283185307179587835e+04
6.283185307179587835e+04
6.283185307179587835e+04
6.283185307179587835e+04
6.346651825433926888e+02
6.346651825433926888e+02
6.346651825433926888e+02
6.346651825433926888e+02
6.346651825433926888e+02
8.885312555607495142e+02
6.346651825433926888e+02
6.346651825433926888e+02
1.607818462443261069e+03
1.100086316408547191e+03
2.030928584138856422e+03
6.283185307179587835e+04
4.518816099708955880e+04
6.283185307179587835e+04
6.283185307179587835e+04
6.283185307179587835e+04
6.283185307179587835e+04
6.283185307179587835e+04
6.283185307179587835e+04
6.283185307179587835e+04
6.283185307179587835e+04
6.283185307179587835e+04
6.283185307179587835e+04
6.283185307179587835e+04
6.283185307179587835e+04
6.346651825433926888e+02
6.346651825433926888e+02
8.039092312216307619e+02
7.192872068825116685e+02
6.346651825433926888e+02
6.346651825433926888e+02
8.885312555607496279e+02
8.462202433911901380e+02
1.396263401595463847e+03
1.903995547630177498e+03
1.861684535460618235e+03
6.283185307179587835e+04
3.820684398911223252e+04
6.283185307179587835e+04
6.283185307179587835e+04
6.283185307179587835e+04
6.283185307179587835e+04
6.283185307179587835e+04
6.283185307179587835e+04
6.283185307179587835e+04
6.283185307179587835e+04
6.283185307179587835e+04
6.283185307179587835e+04
6.283185307179587835e+04
6.283185307179587835e+04
6.346651825433926888e+02
6.346651825433926888e+02
8.039092312216307619e+02
7.192872068825116685e+02
6.346651825433926888e+02
6.346651825433926888e+02
7.192872068825116685e+02
1.607818462443260842e+03
8.039092312216306482e+02
1.438574413765022882e+03
1.903995547630177498e+03
4.531509403359823045e+04
3.575280528327778302e+04
6.283185307179587835e+04
6.283185307179587835e+04
6.283185307179587835e+04
6.283185307179587835e+04
6.283185307179587835e+04
6.283185307179587835e+04
6.283185307179587835e+04
6.283185307179587835e+04
6.283185307179587835e+04
6.283185307179587835e+04
6.283185307179587835e+04
6.283185307179587835e+04
6.346651825433926888e+02
6.346651825433926888e+02
8.885312555607496279e+02
6.346651825433926888e+02
8.039092312216307619e+02
7.192872068825116685e+02
7.192872068825116685e+02
8.885312555607496279e+02
1.015464292069428211e+03
8.462202433911901380e+02
9.731532798998687213e+02
3.528738414941263181e+04
3.554125022242998966e+04
6.283185307179587835e+04
6.283185307179587835e+04
6.283185307179587835e+04
6.283185307179587835e+04
6.283185307179587835e+04
6.283185307179587835e+04
6.283185307179587835e+04
6.283185307179587835e+04
6.283185307179587835e+04
6.283185307179587835e+04
6.283185307179587835e+04
6.283185307179587835e+04
6.346651825433926888e+02
6.346651825433926888e+02
7.192872068825116685e+02
8.885312555607496279e+02
6.346651825433926888e+02
6.346651825433926888e+02
6.346651825433926888e+02
8.039092312216307619e+02
7.615982190520711583e+02
1.480885425934582372e+03
1.819373523291058518e+03
1.903995547630177725e+03
1.933613256148869550e+04
6.283185307179587835e+04
6.283185307179587835e+04
6.283185307179587835e+04
6.283185307179587835e+04
6.283185307179587835e+04
6.283185307179587835e+04
6.283185307179587835e+04
6.283185307179587835e+04
6.283185307179587835e+04
6.283185307179587835e+04
6.283185307179587835e+04
6.283185307179587835e+04
7.192872068825116685e+02
6.346651825433926888e+02
6.346651825433926888e+02
6.346651825433926888e+02
6.346651825433926888e+02
7.192872068825116685e+02
1.015464292069428325e+03
8.039092312216307619e+02
6.346651825433926888e+02
9.731532798998687213e+02
1.650129474612820786e+03
1.438574413765022882e+03
3.016775167689592854e+04
6.283185307179587835e+04
6.283185307179587835e+04
6.283185307179587835e+04
6.283185307179587835e+04
6.283185307179587835e+04
6.283185307179587835e+04
6.283185307179587835e+04
6.283185307179587835e+04
6.283185307179587835e+04
6.283185307179587835e+04
6.283185307179587835e+04
6.283185307179587835e+04
6.346651825433926888e+02
6.346651825433926888e+02
6.346651825433926888e+02
6.346651825433926888e+02
6.346651825433926888e+02
6.346651825433926888e+02
7.192872068825116685e+02
6.346651825433926888e+02
8.039092312216307619e+02
1.057775304238987701e+03
1.523196438104142089e+03
1.650129474612821014e+03
3.592204933195602644e+04
5.322725330930586642e+04
6.283185307179587835e+04
6.283185307179587835e+04
6.283185307179587835e+04
6.283185307179587835e+04
6.283185307179587835e+04
6.283185307179587835e+04
6.283185307179587835e+04
6.283185307179587835e+04
6.283185307179587835e+04
6.283185307179587835e+04
6.283185307179587835e+04
6.346651825433926888e+02
6.346651825433926888e+02
6.346651825433926888e+02
7.192872068825116685e+02
7.192872068825116685e+02
6.346651825433926888e+02
1.100086316408547191e+03
7.615982190520712720e+02
8.885312555607496279e+02
8.462202433911902517e+02
8.039092312216306482e+02
1.480885425934582599e+03
2.678287070333117299e+04
4.675366844736326311e+04
5.606209112466635997e+04
6.283185307179587835e+04
6.283185307179587835e+04
6.283185307179587835e+04
6.283185307179587835e+04
6.283185307179587835e+04
6.283185307179587835e+04
6.283185307179587835e+04
6.283185307179587835e+04
6.283185307179587835e+04
6.283185307179587835e+04
6.346651825433926888e+02
6.346651825433926888e+02
8.039092312216307619e+02
7.192872068825116685e+02
7.192872068825116685e+02
8.039092312216306482e+02
6.346651825433926888e+02
6.346651825433926888e+02
1.269330365086784695e+03
8.039092312216306482e+02
1.311641377256344867e+03
1.438574413765022882e+03
2.881379928747002486e+04
3.879919815948606265e+04
6.092785752416569449e+04
6.283185307179587835e+04
6.283185307179587835e+04
6.283185307179587835e+04
6.283185307179587835e+04
6.283185307179587835e+04
6.283185307179587835e+04
6.283185307179587835e+04
6.283185307179587835e+04
6.283185307179587835e+04
6.283185307179587835e+04
7.192872068825116685e+02
7.192872068825116685e+02
6.346651825433926888e+02
6.346651825433926888e+02
1.057775304238987928e+03
6.346651825433926888e+02
7.192872068825116685e+02
6.346651825433926888e+02
7.192872068825116685e+02
8.885312555607496279e+02
9.731532798998687213e+02
1.100086316408547191e+03
3.033699572557416468e+04
5.462351671090132731e+04
5.568129201514031593e+04
4.645749136217634805e+04
6.283185307179587835e+04
6.283185307179587835e+04
6.283185307179587835e+04
6.283185307179587835e+04
6.283185307179587835e+04
6.283185307179587835e+04
6.283185307179587835e+04
6.283185307179587835e+04
6.283185307179587835e+04
7.192872068825116685e+02
7.192872068825116685e+02
6.346651825433926888e+02
6.346651825433926888e+02
7.615982190520712720e+02
7.192872068825116685e+02
7.192872068825116685e+02
6.346651825433926888e+02
8.039092312216306482e+02
1.100086316408547191e+03
8.885312555607496279e+02
1.396263401595463392e+03
3.465271896686923719e+04
3.812222196477311081e+04
4.848841994631520356e+04
5.166174585903216212e+04
6.283185307179587835e+04
6.283185307179587835e+04
6.283185307179587835e+04
6.283185307179587835e+04
6.283185307179587835e+04
6.283185307179587835e+04
6.283185307179587835e+04
6.283185307179587835e+04
6.283185307179587835e+04
8.039092312216306482e+02
6.346651825433926888e+02
6.346651825433926888e+02
8.039092312216306482e+02
6.346651825433926888e+02
7.192872068825116685e+02
8.039092312216306482e+02
6.346651825433926888e+02
9.731532798998687213e+02
8.039092312216307619e+02
7.192872068825116685e+02
1.650129474612820786e+03
2.580971742343129517e+04
4.214176812088127917e+04
3.397574277215628535e+04
5.128094674950613262e+04
6.283185307179587835e+04
6.283185307179587835e+04
6.283185307179587835e+04
6.283185307179587835e+04
6.283185307179587835e+04
6.283185307179587835e+04
6.283185307179587835e+04
6.283185307179587835e+04
6.283185307179587835e+04
6.346651825433926888e+02
6.346651825433926888e+02
6.346651825433926888e+02
6.346651825433926888e+02
6.346651825433926888e+02
7.192872068825116685e+02
6.346651825433926888e+02
7.192872068825116685e+02
1.227019352917225433e+03
9.308422677303092314e+02
9.308422677303092314e+02
1.311641377256344867e+03
1.793986915989323097e+04
3.850302107429915486e+04
3.833377702562091872e+04
4.785375476377180166e+04
6.283185307179587835e+04
6.283185307179587835e+04
6.283185307179587835e+04
6.283185307179587835e+04
6.283185307179587835e+04
6.283185307179587835e+04
6.283185307179587835e+04
6.283185307179587835e+04
6.283185307179587835e+04
7.192872068825116685e+02
6.346651825433926888e+02
6.346651825433926888e+02
6.346651825433926888e+02
1.100086316408547191e+03
6.346651825433926888e+02
6.346651825433926888e+02
7.192872068825116685e+02
7.192872068825116685e+02
8.885312555607496279e+02
2.030928584138855740e+03
1.523196438104142089e+03
2.580971742343129517e+04
4.294567735210290266e+04
2.030928584138856604e+04
4.675366844736326311e+04
6.283185307179587835e+04
6.283185307179587835e+04
6.283185307179587835e+04
6.283185307179587835e+04
6.283185307179587835e+04
6.283185307179587835e+04
6.283185307179587835e+04
6.283185307179587835e+04
6.283185307179587835e+04
6.346651825433926888e+02
6.346651825433926888e+02
8.039092312216307619e+02
6.346651825433926888e+02
7.192872068825116685e+02
6.346651825433926888e+02
6.346651825433926888e+02
7.192872068825116685e+02
8.039092312216307619e+02
7.192872068825116685e+02
1.269330365086785150e+03
1.861684535460618463e+03
2.170554924298403057e+04
3.376418771130849200e+04
4.239563419389862975e+04
3.541431718592131074e+04
6.283185307179587835e+04
5.978546019558759144e+04
6.283185307179587835e+04
6.283185307179587835e+04
6.283185307179587835e+04
6.283185307179587835e+04
6.283185307179587835e+04
6.283185307179587835e+04
6.283185307179587835e+04
6.346651825433926888e+02
7.192872068825116685e+02
6.346651825433926888e+02
6.346651825433926888e+02
6.346651825433926888e+02
6.346651825433926888e+02
6.346651825433926888e+02
6.346651825433926888e+02
8.885312555607496279e+02
6.346651825433926888e+02
1.396263401595463847e+03
1.353952389425903903e+03
2.200172632817093472e+03
2.623282754512689280e+04
3.101397192028712016e+04
3.021006268906548939e+04
6.283185307179587835e+04
6.283185307179587835e+04
6.283185307179587835e+04
6.283185307179587835e+04
6.283185307179587835e+04
6.283185307179587835e+04
6.283185307179587835e+04
6.283185307179587835e+04
6.283185307179587835e+04
7.192872068825116685e+02
8.039092312216307619e+02
9.308422677303092314e+02
7.192872068825116685e+02
6.346651825433926888e+02
6.346651825433926888e+02
9.731532798998687213e+02
8.039092312216307619e+02
8.462202433911901380e+02
6.346651825433926888e+02
1.227019352917225660e+03
1.777062511121498574e+03
3.215636924886522593e+03
4.231101216955950804e+03
3.448347491819100105e+04
4.235332318172907253e+04
6.283185307179587835e+04
5.703524440456621960e+04
6.283185307179587835e+04
6.283185307179587835e+04
6.283185307179587835e+04
6.283185307179587835e+04
6.283185307179587835e+04
6.283185307179587835e+04
6.283185307179587835e+04
6.346651825433926888e+02
6.346651825433926888e+02
6.346651825433926888e+02
7.192872068825116685e+02
6.346651825433926888e+02
7.192872068825116685e+02
6.346651825433926888e+02
1.057775304238987701e+03
8.885312555607496279e+02
8.462202433911901380e+02
9.308422677303092314e+02
1.565507450273701352e+03
3.850302107429915850e+03
2.868686625096134594e+04
2.576740641126174160e+04
5.077321460347140965e+04
6.283185307179587835e+04
4.802299881245005236e+04
6.283185307179587835e+04
6.283185307179587835e+04
6.283185307179587835e+04
6.283185307179587835e+04
6.283185307179587835e+04
6.283185307179587835e+04
6.283185307179587835e+04
